11 723.7973735516392 1178.1128777416247
12 734.3763964089662 1420.8406777036485
13 746.5027150077369 1632.5473232618517
21 883.4695744906923 1178.1433281880988
22 896.4392520385388 1402.5754850857263
23 909.7614687678628 1647.6266358803407
31 949.258501218405 1187.8909673844432
33 964.2582098168615 1686.112265081656
41 1103.9877047432367 1196.4106555715264
51 1395.238210448433 1179.9722723217292
52 1407.0722150297158 1444.1107707330384
53 1421.6762131707144 1734.3554739343228
61 1729.357254121907 1199.4997398517953
62 1735.1210900386716 1433.6817692724837
71 1968.7834989480193 1183.0885506509348
72 1971.9927797833934 1434.537906137184
73 1978.4702967978324 1687.6073636472318
91 2286.4841723922 1181.1273379127529