11 2264.725350810246 1196.6765398552925
12 2263.611181222832 1421.6183633858468
13 2265.4035006907607 1617.9518972996302
21 2412.2341069328295 1197.434908537024
22 2416.1032145253535 1405.5033838282286
23 2417.959662801776 1632.610372069057
31 2582.9862995217486 1208.6418203113305
33 2577.9353231063587 1667.7885569951063
41 2812.054994388328 1218.5643301703908
51 3114.1999276001447 1205.3999352001297
52 3114.6694771140387 1447.1838834314751
53 3117.069800070231 1713.1538457243041
61 3386.552959280044 1224.0778814449977
62 3381.0908903587324 1438.8175062158728
71 3522.380299138062 1208.6001597924799
72 3512.8773120786923 1440.2528939306392
73 3507.2375970240205 1673.6672474381278
91 3706.8501673922187 1206.4305832963332