131 626.3429285236823 2299.1138173240583
132 625.682908054273 1968.3292721447929
133 624.7738997633953 1620.43594310721
134 625.1229504303456 1247.510784870485
135 620.7149175499079 961.4296928499955
136 617.0768180762744 664.8230111778746
137 614.5466939541595 369.08388402410014
210 56.29781522129916 2203.2227777533158
211 53.173363928131664 1862.4444436537956
212 49.25720330133723 1518.4960704273471
213 45.41110539851715 1191.7682826202438
214 41.302966115819174 849.3029788430688
321 150.65331318111646 1819.7858837448007
322 148.27250558806674 1521.5711121136326
323 145.48064469057232 1233.8182791851405
324 141.38453702657017 909.2339348624316
325 137.2749795810354 617.8223417207553
326 131.6672507500419 311.55269788171404
330 838.6090859580794 2088.7237604413444
332 837.4723005898821 1552.2784086182044
333 835.395920669537 1265.9971865260593
334 835.1332590668152 1034.499921000158
335 833.616491870618 791.1077812156872
336 831.5126324665873 565.0458771536453
337 830.133736006267 300.8736554721283
221 1257.1050280701818 1894.0783257477972
222 1257.6196370243802 1540.8386282587835
223 1258.4748543620422 1187.6591002049195
224 1257.8665909334848 822.499923000154
225 1258.6542584977774 456.06991921458837
226 1256.826145416951 106.86436627568713
141 1479.6056792885613 2305.16457130124
145 1486.7106449345065 971.9982541291814
146 1486.5786079417646 678.0107385566088
147 1485.8526445100533 392.04743888289306
360 2867.2474401710747 2120.7935076535305
361 2871.39425744367 1838.2466302783844
362 2876.6935709615204 1545.0478566850306
363 2881.0179078793994 1246.337153424014
364 2887.8022393904007 949.8829119255043
365 2891.799815893483 638.8842970952576
366 2898.940270513114 325.26854992508316
367 2903.728668583084 19.72866906003172
155 2247.1844628398953 977.54526636055
156 2250.766700956278 689.1350116515912
157 2254.3174126511663 400.84619732895925