131 2006.1154301301065 2240.1914745828662
132 2009.7927162034562 1931.412164159772
133 2014.5644852526416 1606.7149233139455
134 2021.2712087013574 1258.481963592365
135 2022.7143797221624 991.5862634249338
136 2025.6238308031816 715.002335654151
137 2029.7633392928751 439.9695540178636
210 1346.2051744022012 2152.201131632895
211 1348.4602263221527 1831.9521772930252
212 1350.634775157813 1508.7759492369375
213 1352.6975049927617 1201.8530736650591
214 1355.4745751560854 880.4618634050321
321 1289.2996117755795 1794.4383625614694
322 1291.6318093214797 1511.8918147137854
323 1293.5120114787987 1239.5600595861854
324 1295.3472208907215 932.4305544294947
325 1296.5328096642966 656.8302419995686
326 1297.1088188177978 366.978662432736
330 1930.18587208787 2052.654034117236
332 1937.1330173217716 1544.0828070807129
333 1939.8219100598872 1272.9789714956546
334 1943.8560591721189 1053.8983573397086
335 1946.6381850584676 823.7478898246642
336 1948.6559775343378 610.099676334581
337 1952.554298091187 360.51282012801175
221 2484.5014398126386 1866.8544659984304
222 2490.744345694265 1535.2161255628382
223 2497.6221898701633 1203.5252800133349
224 2503.635560446549 860.9791078278801
225 2511.636680879654 517.4841791741997
226 2517.3790995074855 190.4366891101828
141 2798.594594171232 2250.077702375251
145 2823.8260518655793 1005.2380946421545
146 2829.3160526099864 730.9932167927013
147 2834.5319245583855 464.56103252994336
360 3840.028856545846 2090.667120690746
361 3847.645248556444 1823.3811084113859
362 3857.0405431830377 1546.2220682300567
363 3865.242972684186 1263.8178856239088
364 3876.6509984013724 983.7757960310385
365 3885.3099130062315 690.0361523187428
366 3897.575005373376 394.34963334255184
367 3906.755312366346 110.87143504806318
155 3529.8458778290865 1013.8599031678987
156 3538.9445056474224 744.7400366687515
157 3548.083067751253 475.6324084283849